-1893
-3637
6603
9949
9242
-3052
510
369
-2315
-6794
5544
6945
7545
2947
-3051
3881
249
8518
-8490
7758
9786
8577
-5729
5083
-5510
-5070
-7335
7344
-4840
-2783
6861
-611
8828
4563
119
-1858
3396
1210
-4782
9898
3771
-1386
-224
5717
-5418
-4859
4849
3883
-5111
-384
-1830
5824
9117
-4641
8294
-3528
-5708
-293
3274
-4873
8944
4750
9690
-9829
-2053
-5930
-5506
-147
-4334
-9151
-1496
4623
6254
-8604
-6688
-1514
-7065
865
754
-5008
-5822
4658
-4375
-9972
5658
-2277
5178
-570
657
6017
-7175
-8137
-3422
-1388
-5036
4605
5364
-9104
4755
4490
4039
9711
3872
7382
-7411
-2518
-7756
-7786
3236
418
5336
7171
-4677
6380
2228
4284
-4817
2021
4305
5323
-663
48
8399
4332
134
-1100
8122
8980
-1759
-6790
4302
-8316
-2688
-4969
2682
-9209
-3075
-322
-390
6703
-5585
-3322
2663
-1377
9587
-4774
-3042
-8039
190
1978
4202
1789
9003
-8939
-9906
8377
4845
-9705
3955
-9371
630
1662
-1534
9805
-6614
-367
-4550
-2709
4899
-6629
895
-5249
-1321
3570
-9704
1775
-9441
-3071
3110
9994
-6987
-7061
6904
-9584
-4979
8418
5502
-1046
-3033
-1681
7417
2905
-8433
-2573
-5972
331
8028
-7209
5142
9525
-4310
-955
3669
-3074
-6162
-6267
-4717
-8820
774
-6759
2733
6104
7982
6608
-638
-2378
-7529
-3633
-1139
-2977
3387
-7115
-6759
-1712
356
-6391
-5574
6194
4827
2331
-3496
4462
9375
-1944
3026
-2133
-4330
-7957
-2190
3870
-6924
2089
2520
-3464
9951
-9601
-5284
9317
-4355
-3505
5487
-9571
-8750
9402
8914
-6245
5019
-7752
-491
-2409
-1996
-1464
4840
1097
2415
-5965
-6
-1536
7959
5214
3076
-246
-3585
8290
2788
3149
6887
-4835
8824
6664
4639
2608
-6743
-8054
4496
-2061
1475
5634
6732
-1227
4911
5342
-5060
7890
2385
-5382
514
2067
6020
-3212
-2712
748
-199
-6161
-8557
-7273
-9454
4341
1489
8179
1309
9685
-8063
3984
9687
-3527
5797
4144
-1080
-8551
-6190
2471
-2937
3078
8577
-1420
-1187
9984
-8474
-5264
7617
8752
8948
-2787
-1052
5691
-3868
-3039
-5798
-4408
-449
304
-190
1099
5639
-4856
-2270
-7761
5945
-1609
-6675
7327
7609
-2225
3715
-2126
-2361
5146
1648
9387
3180
6560
-5015
-5263
8582
6000
9225
9518
-2668
1413
-4151
-577
4653
-7819
2123
-8319
5010
7455
-8944
1093
7485
-1245
9200
-1533
-261
-4877
5464
6756
-4686
6162
2549
-5641
-9271
-6571
-5463
8172
-2285
5768
-6860
3521
-1227
-5938
9022
-7875
6595
-1654
5053
4741
5516
-2919
4830
2473
7175
5614
-8391
1653
-3406
-7931
6499
-101
7690
-7047
3408
2249
5002
2930
8898
-6619
-1498
3647
7699
-8126
3363
8109
8901
-4581
-6304
-2669
7315
9173
-7359
8274
-8089
2707
2130
2794
-4633
-8176
-6321
-9490
-8507
8721
-9802
-174
3956
5782
3007
-7907
1146
-9427
7583
-7862
3118
9791
-7715
-60
-7432
-7497
-6500
7311
3334
7439
-7088
-2211
-2684
-2987
6342
9795
-7254
3205
5841
-9155
-1730
-7862
9689
-2180
4802
3225
4449
-5521
-8796
5298
-4677
-7672
810
3191
3712
-4405
-3282
3671
-1143
8137
-9165
-5265
9010
-195
-359
-9820
-7050
4664
751
-9383
-8797
7892
1172
-4319
-8623
6963
-4331
7130
-2251
-3174
-2669
5194
3601
4140
1343
2375
9594
-1785
2655
3525
1463
5118
-8969
6066
-3430
1316
-5546
1912
-6121
-7160
-3112
-1662
9998
7281
7159
920
-4490
9649
7727
4498
1445
5225
-2159
8345
2504
-7266
5317
-400
-9871
-4505
3140
-3964
4651
-5539
5867
8662
6
-9566
8717
-6478
-8407
-2280
-1115
3050
659
-2971
1717
194
-8329
2851
-2104
6600
2122
5278
8057
-8853
-3373
-271
7131
1919
3076
5188
-7133
6997
-2041
9168
1280
-3666
-9894
6554
4928
-8233
-9308
-2789
1218
9569
-3291
8438
1931
-2517
-4703
5775
2103
-8558
6943
4073
7243
-2439
5937
9477
-2449
3919
-3164
-562
7619
-8035
-343
862
-4967
-8738
-4287
7494
9899
5959
-3864
-3573
7013
3253
310
7569
6595
-8460
-720
8835
1015
-5386
4460
1331
6749
3176
-4163
2291
9547
4087
8199
-6548
-7194
-4735
3191
9204
9696
-6984
-4268
-8309
5501
-2256
-576
-6895
8540
7637
-1851
6277
9236
-9980
-4452
9002
2736
5845
5074
-7822
-7255
3631
8057
-2968
-4404
-4662
-2303
5410
-2711
6448
-6373
1505
9044
-811
1310
1179
831
-9822
2582
-9209
2723
-1649
-7835
8949
-9672
7736
9590
1578
9630
-8841
-5215
-8918
5462
1516
-1463
9638
3079
9510
6146
-2478
2700
1381
2526
-6393
-8521
6634
1680
8853
-427
-1158
-8038
7262
-6529
-7055
-2332
9950
-3992
-4291
4992
5693
1366
-3892
338
4892
3909
4327
-7912
-2330
6206
2614
-4587
-3398
5218
6033
-5320
1233
-5681
6066
-2069
6079
-363
-8992
-6937
-8483
-9503
-6637
-2640
6092
-9076
7751
1790
-1207
-5805
1577
-4139
1605
-3748
-3252
572
-840
-5187
-5268
-8636
8169
2685
-9092
-7657
-3078
-9172
2836
422
-6925
3663
-6273
8971
2208
-5861
-6490
-9775
-1935
-3149
1823
5932
3946
7136
9132
-1396
667
-4929
-3692
-2406
-1925
9716
-3920
-8611
-9480
7579
6962
-6241
6130
-1969
8196
477
2238
-8604
-2808
-3082
-5533
-31
5393
3366
-7526
9740
5234
-8239
-9761
9709
9418
-5499
9612
914
6002
-2592
-3288
1252
3969
2625
5952
-6329
-6421
-2080
5525
732
7251
5564
1262
3199
-3246
-7711
4652
-431
-6870
9359
7320
3290
3923
2547
8092
-4617
-456
-2052
-7316
4950
1587
4199
6916
3988
1787
-7508
5833
-3930
-6349
5503
-5800
-727
-7201
-2415
-2676
-9442
6638
9400
-6112
4163
-4368
4839
-8768
1810
9763
2991
-9382
-5164
9018
3896
-5882
-5208
-1013
1828
5922
-7112
-1886
6966
3598
-4534
-1563
2028
1099
-8157
-8285
-9768
3268
9074
6677
-9118
2387
-5357
-5031
-3555
-8698
-2495
422
-4053
805
-4831
1612
8654
-4242
-6357
9640
-9653
-4826
-5811
1653
9832
-9803
9653
8708
-2507
-505
4262
-784
-441
5162
-3846
-6135
9539
803
1516
3194
-8569
-6048
-101
1086
-2598
6281
-4453
-6693
2696
-2887
8441
-1487
1734
-7068
9572
-4901
1341
-1520
4383
8652
-3865
-2337
-3248
5747
-9429
4916
-8965
4804
-7848
-1993
6851
3038
-5787
-2727
6688
1174
7132
-5720
-9944
-3710
450
368
-6856
4645
7122
1211
-4715
-3428
-9506
-9537
-5252
-1466
-2412
3970
3061
-7897
-8042
-5044
-1605
-8446
-164
-1201
2736
1310
792
-343
-5147
-7499
6441
-2557
-9950
-3018
-5833
-1619
-818
3643
-4590
-5173
3142
-5134
127
-987
-304
6994
-6657
-8900
7894
-2802
4185
-9112
7612
1659
7581
1501
-2857
-3540
4366
7122
7152
-1114
-2012
-8330
7532
5702
-2684
-6249
-6453
-9405
-6557
3513
8614
6285
7009
-9298
6696
-5369
-6593
8626
-476
3858
6237
-2680
6157
1105
-5822
3105
-4267
-3208
9600
5103
-871
6942
-6947
4569
-9887
2819
-1716
-4183
4234
4165
5572
5488
319
2460
-4363
5730
-5215
-4996
226
-999
-7115
4565
8353
-2067
-9368
-864
7781
1173
6344
-7100
6415
-9254
-1870
-8528
9594
3881
5297
1197
-7001
-1516
-9976
-3712
4552
-1155
485
8920
173
-3149
-7836
-3292
8175
3889
-686
-6844
-8643
8273
7451
-3232
-9470
-3036
4615
-6753
6372
6457
-7365
1789
5551
-2826
8159
-8466
9420
156
9984
690
-5212
3066
1881
7149
3122
-4035
8418
-1059
-3217
2724
1110
-4445
1312
9282
9619
5183
-1693
-9955
6954
-1874
-7722
-3502
-7841
-6133
-1670
-9379
5503
2071
-4367
3378
2773
-19
-4624
8099
876
3032
-7398
7429
2611
2864
296
-2842
390
6668
6143
-4813
-2234
4485
7735
8423
-9767
7511
-2269
3803
-9684
-8230
-2001
1742
-6943
-1680
-928
-2482
3936
-2081
4469
4051
6681
1879
5766
-8493
399
7788
-4177
-9284
8359
-2789
8202
-7270
3224
6933
-7619
-8616
-1390
3705
-5433
3881
3650
-5799
-8512
8449
5025
6645
3615
-1701
6459
-2517
-9875
4349
9141
-6107
6467
8057
5844
5324
-5372
-3489
8706
9696
3385
3145
-8136
-3852
9073
-3703
5050
8450
-978
2616
-1
-1374
4122
8556
2625
-1797
5211
8176
5205
-7250
-1387
9041
1398
7210
-7608
5717
3398
4520
-6218
-8301
-2936
-3344
1462
-8563
9283
3766
3653
-3365
6237
2397
4006
-1097
-341
-3123
2022
-1895
1217
-3944
-365
1815
-1060
-9402
3893
2967
1757
9810
4343
4332
8121
-3051
2197
9790
4928
-8562
-6909
-444
308
-6015
9188
2480
-6721
-9254
-4284
9111
-7220
9996
6924
8265
8583
1924
8657
-7532
-157
7832
8050
579
-3539
-5267
-2889
9585
1011
3086
72
9271
3446
4049
71
-8567
7113
233
-5369
2098
3519
933
-8360
304
-7815
5709
112
6473
1268
423
-1415
-4032
-7684
-2226
-5037
1407
7041
-1487
-8839
-3745
2597
-200
-11
-8682
8198
-8788
-6228
7596
-3754
-901
1121
-1651
-5546
-8648
-5255
690
-6477
-6112
-7553
5551
-1140
-9346
5049
5879
589
7506
5407
-4742
2001
-3211
1737
3188
2033
3211
4600
359
-7959
7983
-5165
2372
3148
-1578
4212
-5575
-2430
-6348
4252
4143
7277
-6644
-513
-3943
-404
-3786
5913
-2970
8417
9988
1844
7588
8535
3462
-5852
-3877
-1623
890
8063
-7687
-9631
5374
-5427
3434
5225
6866
-4530
-7770
428
3110
-841
5817
-1806
-5396
-5768
780
5989
-5280
7261
-6259
329
-1415
2811
4500
-6882
5537
-4971
3870
6352
-8816
-2695
-9712
-7229
822
-7743
7858
-8034
9649
1590
-5140
-2644
-4614
9069
-2841
-4946
6213
915
-213
2095
-6354
9227
5777
-1891
5562
-9866
-7847
-8564
5635
7466
-8836
129
-2916
-8761
-5708
9830
-896
-8097
2794
6317
-4891
-1190
-1714
-6854
3889
-8937
-1934
7035
-345
7960
-1180
8991
-7093
-5831
4313
9670
4697
-176
5984
8826
7287
7920
8027
-4605
728
396
6524
-3690
-5390
-11
-8248
8356
7298
-5578
5927
8708
-222
-2301
-5474
1196
-9855
-5584
-6895
-7615
-3902
8905
5180
-5049
1223
1609
9798
8404
-792
5444
-335
4355
4249
6887
-7635
-4735
5828
-8458
5786
1659
-5903
6838
-8951
9513
-5717
6218
4507
-1868
-5414
4058
8482
3368
5789
5895
-8388
-3752
-2403
-1879
551
1936
-3399
8795
-8665
-3016
5664
-2773
6171
-9734
2225
8019
5263
-3109
-3110
4741
2585
3214
-1910
4710
2632
5660
-3791
1386
2588
4204
-2342
-652
-7583
-3520
-5445
-2870
1487
-8848
-8590
4978
-3824
-8516
1899
4647
-5696
-9000
-7659
-2548
-4361
-6721
-5932
143
-3403
239
1756
473
-704
8826
-6836
-9521
9286
-7489
4977
-3033
-2693
2931
-9232
-2216
-6498
8834
-3030
6703
-6239
7303
7493
-7654
-8072
3969
11
-2006
3097
260
3997
6011
-4910
-1983
4827
-2380
1990
3377
-2484
2093
907
220
-154
874
4577
2650
-941
-8467
9593
1316
-2769
7363
4199
-8149
6742
4897
-2843
1636
3746
8719
-974
-4357
-7110
-9260
-166
8252
350
2767
9055
6546
-7344
7203
8284
-4715
-8762
-9511
521
2885
1811
8207
9935
-6283
3260
3461
6422
-7984
-887
-5484
-6005
-3199
2478
385
1119
1898
-9148
-2021
-9039
4145
-9302
9400
9361
7523
8339
674
-159
-6392
-7244
-8696
1309
-148
-7760
-4851
-9133
-2655
-6896
-3764
-6867
4536
-6950
-9013
2735
8894
-7518
5701
4487
5893
-8429
1346
9580
6853
-9776
-38
5642
-5864
-9797
2452
-9160
773
3237
1913
1563
840
-4310
9113
3190
-5567
-9088
301
2705
-3772
-2006
3148
6317
4762
1170
-2517
-9198
-218
4445
3046
4129
-4405
-2073
-4734
9059
-1666
3435
-8610
7247
-9092
3
9050
-4123
3855
8460
2206
2727
9933
8814
-5494
9680
5546
-7055
9753
4102
3830
-4049
8260
7258
4049
-6880
6115
-9075
7040
-9296
1712
-8577
-5829
-704
5932
2964
1934
63
-4465
-1433
5309
6574
9287
3815
-4728
9045
1914
-4303
4277
7146
1373
9927
6775
-5858
-5435
381
5284
9305
8303
-1294
5214
6029
-1245
-7247
-8104
-4992
-1889
-328
4850
-5010
8409
3711
-7253
-9476
-3944
-8166
-6797
441
-9574
-6772
3332
2270
3065
-3384
2628
-3003
-9692
-5947
-5818
-5507
8475
-6353
-3710
-636
3927
-646
5480
6390
9738
-8341
7350
894
-1716
7558
-828
753
-6049
-5437
8555
8224
7338
8958
-5538
163
2942
14
-9196
-4184
-9607
-3392
-2189
8300
5465
3792
-4112
9974
9049
2294
4129
4049
1203
-5305
1909
-6055
-504
2280
3833
5160
9263
-6430
8340
5133
4934
1306
577
-700
5553
9228
-4275
-138
7339
-3653
-9568
-2689
-3810
6001
-4575
-1801
1206
2484
4765
8520
-9391
-614
5050
8443
4504
-144
9345
4286
2115
-634
4669
-475
1299
-495
2466
1513
-4337
-9344
9757
365
-1443
-759
-6365
8226
-5747
-5295
623
747
4959
7919
637
302
-7332
6502
-6463
-552
621
7516
-1805
-455
-9082
3592
-3617
-6455
55
8828
-2245
7017
4859
881
7171
-8512
5841
-1442
-1424
4679
4534
-6955
9764
999
-9238
4848
775
1449
-3403
4661
-4943
-1433
8795
4112
388
-6635
5699
-2094
2085
-7795
1338
-3027
-4773
8974
210
-5787
119
2605
-7133
-7907
7275
-1762
2860
5204
689
8718
-3492
-4898
5684
-9633
-4426
8819
-1933
2749
7283
-7300
-3757
3570
-7944
6176
253
-3902
5653
4139
5958
-7177
-6422
-7144
-4323
-5242
-7816
3338
-8399
4491
-9018
-7615
-5361
6649
4838
-764
-4905
-5234
-3452
-7327
9834
-492
857
3743
-2113
-8394
-7338
3536
-3823
-7755
8396
-362
-9905
-1520
5556
-8697
-5322
-8046
7996
6956
4156
4069
4229
-388
8837
-1405
-15
-1009
-1244
5471
-453
8626
4501
-2477
-6906
-514
-9262
-915
-5179
-3366
1653
2702
-2735
6684
5518
-8374
4159
3773
9239
-792
-3715
-5944
7066
6817
4354
8000
-4347
-1943
5544
-924
857
2886
804
6183
-5808
-7928
-3420
-2037
-4155
7151
1380
673
-5548
-7815
9344
9619
-1333
4033
6255
9934
-3193
-6888
-9546
6056
5559
5665
-9410
7295
-473
-2282
-2270
7283
-1986
-7495
-6137
-6631
9672
-1971
-8701
-6798
-6493
2137
2070
8827
-9312
855
8902
-6806
3294
6343
9627
-5899
2936
-5694
-6352
8412
-3891
-5521
-8427
7592
-7580
-2689
6065
-2299
5547
6036
5398
-5361
-3346
-9442
4760
8991
-9957
6002
7547
6751
-9206
-1261
8008
1938
3032
-9549
-7986
-2459
-1621
-4990
474
2509
3962
9283
-8241
60
-6298
9306
-8313
-117
3673
-7649
-4122
5466
-633
-6172
1003
1160
8280
2930
-2342
-7868
2121
6562
7898
3207
2202
3963
6702
4895
-8122
4321
4891
8109
-2160
-1101
-5879
9914
-483
-4742
-1820
-2576
5593
8154
-868
5758
8195
1980
9126
-3960
-2528
-2605
1907
3816
-1538
7405
1632
5446
-4715
7845
-7
8779
-8208
9886
-7729
-2860
-6234
3427
5689
9961
4580
-2027
-2143
-9729
-2586
4295
-1292
-2275
5381
5442
978
4100
9500
-4691
-1474
-3669
-399
-7235
7735
5297
245
8959
4788
4295
9853
9177
-2857
8979
-4679
5356
3318
5439
-2090
551
1147
-6513
-1254
4447
4320
-6706
-4167
-1309
-3444
2919
6928
142
-6895
-6257
7362
4572
-2324
-6154
-7491
-6587
2911
-5981
-7494
2975
6125
-6827
2980
-7910
2154
632
-6861
7601
-2851
-5812
3299
9327
-5686
-4253
-5202
-8824
-8500
3853
3055
4112
9790
-1321
8432
-9791
1631
4926
-8065
6427
425
-7351
7077
2471
9169
1407
-8781
-8951
-1499
5176
4932
4863
5281
-2117
-7378
-5263
-6761
468
6774
3535
1374
-6319
6670
-8825
4091
3188
-8232
3660
-5503
-9952
4795
-5599
-1934
7099
7804
-9321
8405
9240
-570
-9281
255
-6388
5754
9543
2636
3862
4725
462
9215
-3485
3477
-6037
-9622
8331
-6381
-369
2138
6130
-6276
-8087
415
-3854
-3239
2621
-7643
-4591
6922
-7457
8312
-6388
6936
-6411
-2516
7235
8447
-7794
9042
-8209
3498
3277
9138
-7416
3447
-2153
-9194
-8312
-8605
4090
-732
1281
-8861
-7254
-3166
4573
9724
-4149
-6963
-1053
-2908
3297
1160
-6947
4446
-1423
1731
-182
-7602
9084
-8469
571
2432
-6982
7866
6181
8721
-1259
-4832
-9384
5903
9284
1456
6462
8098
7276
-7208
1649
164
9781
8885
2767
-7249
2138
7491
8963
-8256
1698
5370
3103
-7326
4207
-1279
6241
-9508
4338
5178
-399
1126
6804
8584
3966
-2665
-3412
-8381
-5688
-3384
-6222
893
1958
-8001
6620
-3056
-175
1307
-285
-1511
-3519
-5271
-8741
737
-95
-49
4467
2713
-7804
3407
-214
6258
-4083
-3834
-765
2500
5010
-1185
3100
-5158
7495
-7418
-8858
-9243
3768
189
6606
-1561
-1203
1323
4795
-7911
-9015
1117
-5358
-7094
4282
3995
-2772
8983
8681
-9867
3635
781
-2462
-3574
-1997
-5550
-5808
-4492
-6493
9779
4767
3062
-5229
5851
-3261
1696
-4442
-8911
-7110
-7530
-7749
-1979
5054
5116
7709
8571
1085
-6944
-8907
5501
-4272
-2072
724
5448
5341
8933
-9109
5225
5921
2203
8346
9150
-7921
4178
6956
-7398
132
3732
9116
6085
1017
-3936
1281
6270
2505
7660
6058
9941
7076
-4147
8034
-696
5347
6066
-3079
7717
-5703
-9663
-6568
-8696
-4340
8629
2746
8730
-4840
-9699
4209
-1923
-4959
-4949
-6544
2694
-2753
-9467
1720
-6515
-2403
1241
4494
2137
-4451
-1771
-7980
-1786
-1525
-4523
-3375
-1983
5437
-464
1143
9833
2910
-8869
-4108
9390
-2240
-984
-348
-5061
-6841
9382
-8358
-3022
-3805
6005
8439
7981
-6235
1069
5791
-6836
-7850
-8348
-3671
-3534
-2687
-3644
7281
8673
-6377
-1069
9458
-6015
-7088
5304
7266
410
329
5272
-4325
4314
-4584
9415
3615
-4152
1595
-5376
8190
3945
-8322
-7842
-5583
-1071
1783
4874
-3679
-3478
-4748
-9345
-7343
-3752
-5194
5885
-2477
-5105
-4385
-962
9197
-5612
-8178
-4164
8390
3867
-2235
994
-7477
-7196
8997
-1512
-4134
889
-8138
3445
1175
7754
5599
8501
-3239
-3817
8437
6632
-9550
1950
7275
7401
-507
9520
-6874
-2084
-498
7896
-4921
9743
-6994
236
7062
7882
-3514
6957
4103
-4254
-6240
-2077
8254
7964
-1693
4122
4188
-6858
-7386
2021
-8758
2209
8840
-4900
9273
4524
-7940
-5882
3095
8771
6727
-4397
1578
-9270
-5864
8077
5130
3671
3760
-4796
5769
6146
-9476
3089
8770
1580
2766
-3698
5410
4298
-7628
-9567
7300
2955
8647
5727
4498
3093
-6366
-1597
3768
4368
8275
-1803
-4965
-8648
6504
2288
8976
-3680
3775
1148
8006
8826
-760
-6317
8038
-8280
-4851
-819
-2571
-7140
-5536
-8441
607
4312
-2022
-4545
-7423
-4544
9622
3477
-4556
396
-7060
-1579
-3407
9238
-3171
2469
-8375
8383
829
1908
6936
-7499
4347
-8972
4897
3143
-2064
-1236
7038
-8277
-408
7523
-4028
-843
-5418
-5017
-3127
2314
3200
-4839
-9194
1632
9500
-9041
-9031
8702
8213
-1837
402
-677
-7915
-6011
-2563
-355
-5483
-960
6213
-9261
-5757
9421
6938
-7714
-8306
-7268
7932
4409
3346
6037
-5260
-6417
4633
5645
9217
4067
-4764
-3757
9051
-274
7593
-8926
5093
3111
4264
-309
-3757
2462
4332
7980
-9851
3282
-6906
-6663
-7937
9139
1333
-5956
9531
2531
7884
-9341
809
7874
7016
6620
6172
-5323
8870
3947
-573
-5979
-9188
-1855
1125
-7925
-9429
3226
4686
4708
133
7475
-5670
-8353
-1168
1265
4123
9597
4468
-323
2054
-6193
2427
-88
-1067
-845
8864
-319
-9808
8179
-4731
9200
-9751
-5760
-7028
802
-519
8241
919
40
2471
9681
5664
5366
9673
-3118
3844
7989
-5956
-5859
-1743
3156
-5675
-3993
-5947
6272
-1665
-4675
4875
-7335
1321
9433
-1513
7647
-447
-2279
9032
-7491
-6522
9103
8492
-8005
8593
4359
2828
3393
9566
106
1137
6923
2894
950
3543
7991
-3530
1038
3468
-2599
1407
8891
667
-5797
-7898
-5539
3790
-4686
-7568
6644
774
4476
9953
-1458
-6263
6077
5605
-9362
4204
-3182
-9550
1007
-1992
-2769
-8311
5164
-9984
-836
-3299
2802
4052
-4413
-9810
8372
-9029
-1694
1883
-6276
-1609
-8746
-753
3910
9068
508
7222
1254
-5627
-6414
-8148
-7536
9013
4589
-4712
8113
-2611
5454
4097
-4670
-7691
17
3320
-2113
-4719
-6685
-9973
-9729
-2885
2840
3811
-1465
-4266
-5513
-6762
2973
7070
3514
-5801
8498
7438
194
5386
-4749
-3291
-8891
3844
7307
-3412
-9095
420
1004
3808
-4776
7352
6112
-3526
438
-2454
414
-2035
-2985
8913
1513
4855
6602
-3161
-7814
-6393
-3067
9003
4228
-7424
7607
1819
-8478
5799
8547
2521
1384
7873
8774
-6282
-4478
-6538
-4654
-799
2549
379
-2087
4351
-4752
-963
4289
-8846
4338
-6882
3210
-7136
-8258
7936
1158
-2612
417
9902
-9711
7577
-8563
7069
-4522
398
5149
-1356
-8562
-8319
1686
6270
-1111
7128
-9910
8597
7090
-1781
7850
9171
9913
-2536
8279
7444
3163
9637
4992
2139
4147
-7881
4343
-1123
-3912
5321
-4358
-5601
-8733
3136
9836
-6432
-9410
-9533
-9229
2651
-6374
-2236
-8975
2818
8966
-3858
-2192
1314
7247
-2312
2937
8472
-318
3364
2566
-4523
-824
7855
3992
7929
-2363
-4998
8402
-6404
-3126
-8663
-570
-4556
7128
-176
1267
3666
527
8011
6390
7004
9156
-291
-7158
359
5482
2599
-1972
1264
-3307
6387
-9382
-3049
-7290
516
1497
3138
7203
-6092
359
-6676
8451
8955
1385
-2698
5468
-861
9939
-5690
-702
4033
4667
6021
7911
3563
4787
4866
4012
6236
9825
9095
758
5406
-999
9746
-5061
8726
-3647
9975
-8202
-1714
-7895
-9889
2699
-5079
8221
4514
1193
4277
-9285
-7682
-9181
4014
7176
1214
-9304
2161
7935
9036
-5171
4638
5007
-6023
-6036
-3063
8013
-5824
-6818
-1313
-5358
9783
-4755
4057
1729
1958
-5965
-8919
-7598
-4471
2748
-1452
-8888
9034
-8922
-4365
-8441
6723
-5934
925
-5126
-8653
4844
-3330
5634
8102
4444
834
-4840
8020
-8872
-1499
2353
-2008
-9665
-5982
922
2371
-7899
-7602
-4930
-232
-7268
3407
835
-7876
-8836
-4639
2123
6709
6269
7710
5116
-1592
-8950
-5206
-8766
-483
-4492
6463
-7568
7840
2395
-1335
9791
7248
4648
-5153
-7483
-8446
-1100
-6573
-748
-7575
6949
6768
2348
-6960
-2234
4274
-7481
-4658
-9714
1679
7215
5420
7559
-1328
4610
-9677
-2487
-4556
-162
-2535
-4548
-8509
-899
-6661
-1151
3524
3641
-3672
-3812
-6364
-8510
5134
-3576
-8285
2261
-3925
-5879
2415
-9647
9129
-136
7918
-9663
-7125
-9885
2524
936
3126
5130
6702
9851
-8428
6112
495
253
1829
-8556
9192
-2302
7331
-7072
-3556
-9651
2627
-6210
1435
-319
-6997
-8794
9297
5113
-6865
-9646
-4976
-9319
6767
-8006
5870
6698
7144
-9768
-6933
9297
-3617
-9484
-4503
-1240
2408
-8692
2850
531
5321
3222
-3212
-8581
4730
-7460
-6428
-8410
711
8533
-2890
7861
2190
-431
5305
2467
-8467
-7986
4584
8483
-7461
1391
1454
7837
7693
2977
5716
8512
-924
-5242
-2453
309
-1411
-1732
4583
8184
-3832
1143
-2702
-7424
1441
8643
7554
-2453
8492
2445
-571
2206
-7589
-3626
8162
6326
-3149
1267
4644
-8386
-7516
6710
-3225
-3046
-2965
-2257
-7715
-2490
-8566
4483
-8171
4291
7805
-2418
5388
7118
3891
6395
236
1800
-4078
-8223
-7715
-7866
8909
-2143
330
-9150
8947
8662
-7840
-9405
8428
-2038
-9072
-5254
-2054
4498
9891
1489
-7963
9619
-9607
-9315
2636
5827
3871
-107
7226
-3947
-6977
9459
7625
7813
7195
5537
8531
5100
4656
6150
6312
-7841
-4172
8728
-5175
5641
-7652
563
3398
-118
-2000
-8531
-7101
-89
-3748
3238
-9543
-4245
9506
4982
1601
-4863
-5487
5022
7061
1620
6637
927
4096
3432
2991
2522
-5138
-1751
-7351
-4932
-734
-7601
2895
-6614
-3817
3083
-1869
-3081
-5728
-2281
-7403
1456
-7941
-1130
2812
6483
-4567
475
2441
2801
-7229
-2826
-5505
-8650
-2087
-7227
1197
7247
-3046
2305
-9991
47
9176
6952
8427
-1915
-7280
174
-5098
2048
3852
6992
-7134
828
-6305
-943
-9858
-4252
5990
4903
-4525
-4116
-9356
8163
-3089
-6301
-170
7108
-8561
-6504
-1156
6211
-1230
-1882
421
-5531
445
-2453
1699
2601
-3285
5644
6724
-8683
4176
3083
-4311
9422
7382
3290
-4590
-8220
5383
1356
6106
6918
5706
-1740
6657
7002
6523
5468
7743
6419
8924
8122
-5261
-8537
-6125
3764
-333
7011
2178
-9377
-8836
-1331
3894
-5310
6258
-3715
4297
1595
7996
-9397
4508
4122
-8830
1065
-3849
-6169
-2286
2180
-2238
-9882
-3367
-265
8579
-8785
6390
-1710
3735
-851
6799
-7739
-1579
-5598
9446
-3103
9994
-8260
9752
7460
2857
-1559
-5082
-7620
4884
-8024
2327
-276
4243
272
-6102
8410
8474
-9806
1900
-9013
-8843
9913
726
594
-6220
8540
754
7086
-6417
2376
7966
-4752
5350
-7006
3526
-7659
-8873
-7826
3456
-9669
9216
8190
311
5431
2618
-6892
1164
9623
-5008
3527
-6668
1808
-9614
9765
-3138
5270
4751
-1173
4581
-9215
-181
-4723
5993
-6803
1980
4952
-6174
-5618
8786
-436
-890
187
8645
-1544
8474
5870
9918
905
-5809
-107
3131
-7704
7923
-1128
-6763
-3111
-2466
5992
-1252
-8207
-4746
-1970
4800
-7238
722
-8865
7204
-8501
9929
-6246
2732
-9338
5498
1361
4957
4772
8503
-7723
-1764
-4975
2892
9093
-2183
1000
7783
-9490
-7271
-6095
7655
-241
-1400
3840
-9209
-2939
-9855
4691
6311
-3679
-336
-6000
1759
-8055
3116
2418
7602
-2750
8282
9350
8505
-6750
-9717
4736
3474
1945
2425
-4679
-2564
2091
-3157
5908
6643
7380
2927
5546
-9385
2902
8772
783
-8809
7833
7888
623
-2912
-2784
2430
-2764
-752
-7473
-3342
-5518
-802
1835
3070
9645
7552
-6856
5549
8263
-7289
4458
-2920
-6025
-3562
3392
9060
2067
-7865
-6155
622
1230
6711
-55
-4551
9734
-918
-1121
-2021
-7117
-4826
4354
-4254
-4113
-5950
-4408
9050
1661
-5740
-5081
2835
-2662
-9586
-6991
-5660
-8907
6296
-5421
-8765
3850
7405
3969
-2820
-7668
894
2843
5733
6579
5482
3203
-7164
-1247
-1136
4728
9488
-838
4191
2586
-196
-1180
2900
-211
5608
-5363
3223
-4152
3945
6372
-4359
-2647
-8563
5454
228
-1630
-7317
1351
-4985
6280
-2296
-1182
-1399
7482
7502
2914
-2950
1632
-6452
-1207
-7480
9849
8180
-1613
5242
-5346
-1546
-2601
8607
-8001
8289
2845
3483
-5198
-8160
-4742
6934
-8304
-5701
6915
5340
-6662
8368
-440
8549
7030
-7396
-204
-3391
5687
-9002
-1860
-6462
7176
-9260
583
-1232
-9864
8184
6779
372
7928
9113
3502
2302
-1934
-3167
6683
4104
5845
-9166
-1173
3280
8976
6434
4987
-8677
-5036
8285
4780
-7797
-8019
-6772
5061
1031
5199
-5138
4749
2417
3157
-44
881
-3406
2054
-2874
2934
-2873
5078
-7396
7285
-1214
-9221
-2985
-3797
1544
3816
-4944
-8025
-3925
-2395
-7016
5265
79
4939
-200
-7232
7991
-6786
4452
-511
-8149
-1677
-4099
-7115
-132
3683
935
3892
-4583
-8429
-9518
-7707
9286
6578
-3807
-5256
6158
8657
8319
-4471
-65
-7269
6136
-6657
-1772
-1716
-7029
-701
-7088
-1892
-4815
-5218
1278
9349
-8109
5661
-8025
-1108
-4274
-4066
1921
8757
3852
-3748
-2233
7590
3076
2453
-5239
648
-6317
106
-7683
959
-8737
-8127
2986
-4157
3384
3521
-1550
6569
-4216
-6302
8624
9562
-8142
7993
-7579
5130
-331
2745
3693
-7287
7956
5049
3480
7116
-2117
7819
5405
8472
5060
3252
3901
-1787
6697
1838
8512
-7374
5794
3927
-4519
9357
6764
7929
-6438
7534
-9509
-6825
-2857
8674
2600
-2041
-9253
-2106
5683
-9239
7879
-6330
-6053
-1282
-6111
-2769
3598
-1785
6750
-154
3309
-2779
3382
-763
-192
6900
6575
5160
4916
-2719
-3702
-6961
3005
1575
-265
-705
-1982
2884
-4749
-6612
7330
-4299
7465
-7113
9604
-2772
3673
-3659
-9401
7662
-3782
7116
4452
1664
1748
6610
-3716
-6195
3161
-9219
-394
5776
-8533
3452
-6290
9893
-4961
-393
-7714
-3304
-2644
-6059
-5758
-3550
-2364
7163
-6352
7259
-8594
6690
-9109
1735
-7010
-2248
6668
-1188
-7740
-8752
3525
2261
2838
8508
-9447
4074
-8977
-2843
9759
3019
-8430
9657
92
5611
-2079
-7064
-4157
5339
1216
6163
-7895
9474
1058
-8336
1851
-7062
4297
-2313
-3904
7003
-4507
5453
-9015
2478
-6241
8553
6317
2723
-4600
2112
-6884
-2375
965
2793
-4675
1236
-1025
3578
-4933
-5346
3582
-4142
-2975
2247
-7029
8989
-3204
2773
-5483
-8756
3280
-9704
3234
-1600
-9219
-4618
1641
-3998
-8410
1701
1682
-9486
-9941
6774
-6662
1385
9784
-2634
-5421
2900
8623
6996
-3127
-642
4879
7545
8261
-8929
-8566
6079
-811
-7971
2708
-2433
-7273
5957
-9501
-7119
7357
3817
-5950
4901
4459
-1038
-6321
474
2532
-3956
9221
-5171
2267
9264
-4145
-4981
-3978
-7183
8062
523
9789
5643
-3499
-7493
1454
-7867
-4175
-6708
-5032
259
-5444
2806
3438
5301
5797
-2397
-3091
-2918
-1880
-6230
-5939
-5182
1989
-5156
3682
8681
-6991
-4869
8016
-3733
6228
-7582
-9822
-7498
-825
-9325
-3630
3855
-2806
-9345
3969
-1255
6294
-5692
4239
-6163
4136
-5080
-8038
-4797
-9455
9959
8499
9902
9520
-2131
-4879
-233
7521
1015
593
-9668
-9340
-9797
-5632
6474
-8279
6891
-184
9905
8968
-7375
6008
-5337
-9550
-7351
-5906
-9850
4241
-279
1195
8025
-5379
-7603
-9910
4939
2369
9108
-8740
3735
-2891
-5003
-2656
360
-9341
2330
-6232
-1036
-7223
8074
6430
-6289
-9285
-1343
923
-6221
-4179
-1496
3484
6142
-7213
3459
-7321
5718
7639
-2928
-651
-8124
-8225
6848
1215
-780
4372
-4177
-1510
-4176
-6885
-6178
2034
2017
4035
-5260
-9679
-7737
3958
-9485
-9414
2783
-8723
-4002
837
-6011
9631
7788
-377
-762
-28
5738
9654
-3407
-7493
6167
5658
1256
8665
-2388
-1148
8143
1029
-659
-3713
8122
-2435
-9331
909
8354
-2193
-776
8834
9487
-4226
6795
-3406
3120
824
8027
3239
9816
-4285
4866
8476
-2570
3809
630
-2547
-6395
8
-5387
-5103
7490
1291
-7206
4956
-8155
-2397
2971
5601
5270
8968
-9599
-896
9804
1597
1532
4798
924
-5645
-9944
-2892
395
-7761
6132
-1294
2173
5726
1600
-4272
3085
9950
329
-6447
-4526
-7775
-2301
6165
7264
-2448
3346
-7117
-2824
4163
1959
5795
9286
2836
-3790
-3778
-93
-904
-8295
8606
-7558
-8912
-9661
7716
-1899
6187
2153
3414
-1517
-5269
-241
9296
3315
-2774
-5139
-2557
-8424
-7818
4635
9524
9051
-3108
6478
-8642
-2961
-4009
2458
-8273
-7288
-1529
-2064
751
-4822
8429
-2093
-1529
-6886
3153
8010
6670
-1495
-629
-2627
1880
4261
-9669
-7431
1847
2669
6642
944
3265
7048
-2002
-1734
9054
-6328
832
2210
-356
6272
-7284
8369
8811
7275
9494
3847
-6542
3146
-4864
-8355
7130
-8135
9734
-6292
-5823
-8092
6976
7616
-7576
5563
2868
-6678
-7530
2269
4174
-5907
8658
3834
8817
-5526
6658
4797
6434
-1813
7218
-5029
-6155
-6597
-5590
5166
-7567
-3354
-3813
3555
-311
5531
-4612
9608
5286
-7205
-4101
-6037
-7352
1983
-2986
-894
6856
1206
-7297
-2943
-4054
2349
4333
1559
6219
2769
848
1328
-2525
9225
3018
-9797
-6732
-8374
1554
9634
8914
-8490
-4808
9249
-4099
-4093
7298
9259
5811
-4582
3088
9233
6749
328
-8094
742
-681
-4873
-603
-7283
1909
5063
1781
-5158
-5798
-1681
-7968
-427
974
8568
-9320
4751
2385
-6806
-6221
-626
4413
-6697
-5906
2397
-9653
3791
136
4277
160
3829
-4282
7609
-10
-7328
-4198
5641
-1444
1829
-7745
-3709
-7505
3097
8593
-7219
-4844
4563
-7745
-3056
3187
-8403
-3398
-3527
4757
3156
3112
2939
7780
-5203
-787
-70
6490
-7771
1009
7957
6658
8475
3891
5316
-8523
6305
7119
-1338
-5536
5777
1017
4442
-4150
-7390
-5913
-1447
6421
-9925
-8787
-7104
-9568
-8915
-5348
-5801
-5621
440
2442
-2562
1361
-137
6610
5805
1165
3345
1756
-9514
5493
3317
-2908
3654
-2258
2025
6784
5492
2464
-2917
9282
-7378
-1963
615
1809
-7771
6484
-4726
-9573
-6774
5373
3557
-9642
2882
6777
2447
5678
8814
2918
-4329
8867
5072
-6109
-2721
3404
-6851
6627
-6465
-5194
-6210
3557
6359
-7137
216
1662
1846
6000
2122
9863
-4534
3826
9042
8587
-416
9721
-852
-3891
7316
-8877
-987
-6393
5841
-494
6137
1873
-2412
-1281
-3304
7017
-1313
-4600
-1684
3938
-3350
-6882
-1223
2641
4126
2277
9413
3842
-746
5357
3363
9626
8496
9623
-882
4199
-8338
-3680
-4082
-8815
-6717
-4101
-9212
-1039
2632
6690
3739
8176
-8170
-3947
36
-4055
-4253
5995
810
5519
5654
5490
-3192
-81
-7439
8549
-5255
-9869
7562
6532
4353
-3253
-4534
-931
5411
3681
-1080
5786
-4329
3501
-4764
-9626
-3804
-4200
-2597
2862
-5457
2252
7243
8187
8211
-4054
-7494
3006
-3477
-4365
2413
-4139
5097
6911
-8592
-6352
8799
6726
-2868
1292
4726
2466
-7114
-1350
5219
-6912
-8400
-1319
-5920
-6826
-6755
1056
6819
-7137
3886
4431
-6438
7912
470
1501
-1757
-4532
-4575
-713
9788
5950
-440
-4218
517
-8159
-3567
-9362
2658
-9898
-1091
8809
-7040
-440
2153
6388
762
7024
9235
-4703
5073
-3985
508
-3221
-8739
9080
7062
-66
5444
-1447
8718
4801
-8844
-856
9610
4128
4595
-944
-5513
4745
-315
-6313
7326
262
1569
7152
-3694
-742
65
-6234
7774
6579
3034
1482
-8205
-7089
-4826
-6257
-5322
-6789
2639
1573
-3235
7390
-7314
-1442
8423
-4670
5937
883
-9391
3773
3658
1601
8841
335
-1170
4767
585
-7316
3402
-2914
4910
-1589
-7235
-928
971
-8007
-9503
496
-2652
-9973
-8281
-84
-9597
-4175
-892
1533
-8737
3133
7071
2194
2961
9500
-3917
4002
-4784
2679
-735
-7375
6406
-5470
7540
1844
4024
855
-5366
-660
9875
-7224
-9491
-373
5206
1124
8524
6914
-8990
-5196
7468
9998
-9844
-2313
5474
5481
3756
2730
-8595
342
9155
-5649
-7665
-2162
-7221
6377
2832
-9978
-1239
3704
4451
-7275
-9461
-834
-5401
9094
-4885
8999
6137
-1995
7535
-1743
4162
-2081
2696
4683
-4664
1639
-9186
9144
-3231
-7591
-4833
701
4800
-893
-7333
3813
-4069
-3868
8151
5254
-668
6280
-5087
-3582
-6562
-8869
-4510
-6232
-8638
-849
7490
1783
9851
-4060
7027
379
7625
3480
5822
-5810
-8788
-4994
-977
-2426
-9890
-4690
1848
-2643
-1482
6079
-7190
5385
-4385
-2415
-7025
-8934
6492
5021
-3881
1088
426
7350
1576
193
-8392
-608
-5502
9527
3292
4113
-4047
-674
1705
5105
5164
-2658
-7359
-6363
-3322
1655
1532
-4764
-2821
-9819
2303
2331
-7622
2465
3190
5851
251
-6757
6809
6940
-2961
3732
-2851
-9328
-2000
788
-8622
7846
-6679
-3690
-1609
-9412
-4281
-4326
-7414
-7423
-2752
-4577
-5416
-5493
5837
7982
2188
-3888
9982
-4282
-1979
1649
-7285
-4250
-7463
209
-8359
6593
1067
-1686
-8387
3735
6425
-9802
-1187
-3938
3930
7144
5334
-4380
5807
8183
1368
-3612
6326
2187
-1908
-7502
-2429
-4568
5175
-5365
5430
-9238
4746
-4802
-6169
-2304
4663
6874
6240
7991
4872
9782
-130
-4639
-9703
-4468
2478
-9960
642
-5314
6598
-1620
8829
60
-12
-2039
6232
8674
-3367
4387
-1114
-3967
5426
-8136
-8721
8025
5210
-347
-3123
5296
2344
-9270
15
4703
2987
-8038
-834
8569
8920
-3011
-3102
1562
-117
4122
-6161
746
-4111
-2295
-4128
5577
-9228
1494
-7256
847
-8416
406
-1302
-3861
8850
-9201
9699
-2300
1146
-1846
-9743
1325
9261
-8197
9606
-774
-7723
1347
-2189
4273
-3153
4874
-9095
5823
-1402
-8010
-5519
-3852
-5796
-8661
4376
4552
-3655
-1235
-8918
-4302
6033
1466
-4315
2057
-4521
-2310
-7492
-6906
8877
-5226
-946
-8549
-3171
9845
2081
-2231
-9713
300
5818
2289
-7374
1098
-6589
5643
-4046
5966
-8069
2121
-3132
-3379
-4698
5382
-973
-5897
4371
-2182
2586
-1655
-898
-1305
4539
-8989
4396
-4160
9436
-6661
9872
-5378
-3431
2276
2051
-7530
-4296
-5425
-4497
-2319
4939
3695
4656
-2587
8160
-3473
-5979
6399
-3120
-5234
2511
9212
-4126
7770
675
-5271
867
-3057
4975
-6581
-6772
-6758
862
4344
3271
13
3729
2456
-8842
-2239
4325
-8107
8126
-860
-4874
2826
-6458
-5612
-8316
6384
-3217
5613
9164
5235
-2239
6878
-7119
-4513
1216
7188
-5941
-8634
5505
-2160
-9248
2762
-3406
-3036
1781
-7770
-9986
6822
2235
-825
3856
5664
-2550
7543
4789
-6338
7221
1270
-675
-4109
-5188
-3278
2360
9196
-915
9552
1601
9719
272
-2159
-6144
-3947
5644
372
1044
9361
-4823
-4736
3806
-7392
9549
6548
3657
9960
-8944
5622
-2499
-3828
6318
84
6461
-6329
-1348
-2908
4788
4283
2335
1862
-7698
-5523
-8059
5336
8089
7547
749
-8765
3545
-3133
-7734
51
7131
-4597
-3398
2348
-2813
3162
4133
7937
3835
-1265
-9704
-4271
7655
8080
-1838
2132
-4672
-8544
950
3282
8725
-7017
3835
-2886
4285
-3972
5885
8668
-416
3238
6149
-304
4253
4621
-7387
-168
8616
244
-9623
4754
-1895
-2837
-279
9737
-8373
-8000
5003
8575
5306
6702
7422
-2775
-1723
-64
-1508
-9038
6975
-3078
-3051
-3471
2037
-5335
-3271
9535
1872
3598
8776
-171
-8745
9945
246
6981
9113
-2216
4208
5434
-4992
9021
-4259
-2734
-1785
-9449
-2909
-9453
-4313
8786
-5412
8743
5424
2572
9032
6173
4429
-6171
9229
-4600
6012
-5237
-4677
-3434
8777
-9715
7007
6756
1583
6195
-2409
-5603
7580
-5164
1003
-1516
-8093
-4264
3362
-6789
-6640
4457
9019
9710
-8584
-6736
-263
7467
603
59
6523
-6580
8999
-1340
-4811
5094
1612
-2130
8932
-6791
-1038
4596
8534
-5806
3204
-4242
-7983
5820
-9274
5741
7523
-5538
-720
334
9829
-7792
-6626
-8192
-3464
7307
-1320
-4167
-7102
-8033
5228
5253
8320
-2221
9785
-6899
5961
5137
-6811
-6008
2068
5854
5543
-7976
-1823
-5649
3926
9535
3060
-1281
4638
4726
-4155
-5790
7129
7801
-4416
-3975
7730
4097
-3926
-4613
-6047
3033
-7469
905
6531
1154
8634
-3503
6634
-2672
2743
9469
-2229
5663
-2097
-8771
9494
3899
5669
-3922
3133
8950
7895
7641
418
-331
-4041
-2368
3377
-5635
6249
2100
1016
-8632
1864
-9964
3204
5095
9221
928
185
1010
298
4561
-116
-2055
-7579
9533
7503
9700
7325
7366
-6631
6367
-9089
-416
-1744
-6398
4045
-5387
-7145
8897
-6407
-9929
7179
5471
1920
-6119
-357
-8074
-674
-2108
-5535
3707
-1266
-8398
-4156
2996
6339
4434
545
152
-2902
-3024
-3865
-9024
-4588
-2349
-607
7444
2469
-1812
-2102
-8091
1798
5847
-3283
1941
3172
-9257
2920
3780
8374
-6574
-6297
-6323
9585
1642
-5756
-4021
3107
-865
9324
-3708
5338
3791
-8752
5892
-8662
-232
9588
6038
8592
485
5077
-1103
6835
-2741
6448
-7502
250
-8810
-250
-6894
-629
206
1758
8242
8728
2002
688
1555
-318
-7658
9102
8881
7573
1058
5427
6161
-5658
9322
-3498
-8468
-3763
7193
5960
9533
7903
9573
5308
4867
7058
-1421
-5588
8124
-2668
9565
-8976
4264
7085
-4910
9975
-433
-1958
9485
-7181
2144
2686
4290
9776
7726
-6763
-892
6677
-3496
1243
846
-4846
7803
7555
8128
1214
-7407
8431
278
-1478
7285
1505
8219
6890
2016
-3548
-427
-1018
5628
-2452
9615
-6872
4637
-4268
-8874
-8665
1383
-6246
8474
-6087
-5482
-3250
3070
-5025
6385
4977
4339
-91
-1772
-1923
2980
2286
2167
722
2293
-2531
-218
-6081
-3797
-3823
8703
6575
-4848
1529
-3863
6411
3178
-1651
9087
-9641
-9673
9270
6522
-9949
-9731
-5362
-3486
767
7282
-4581
-6775
-7058
2295
55
-9375
1006
7233
8245
-3990
5136
3119
-9716
-1983
2684
442
2595
-5537
-7762
-510
-8092
-4765
8911
9785
5622
6399
-1083
4085
2414
5481
-118
-9918
7154
9125
1823
6286
3266
-1057
-1537
7089
1867
834
8719
1259
-2789
-8124
5873
-8178
-5746
3051
6447
-7409
8052
-7480
-2754
8079
6151
-758
9596
3224
-3405
2298
-360
-9436
3988
-8807
-5320
6940
-6693
1796
573
1802
-3972
3833
-5134
3014
3
3487
3878
-9305
-5254
-2831
-549
-8500
-7648
6849
1583
1933
-4925
-3375
6047
-4534
-4206
7464
9574
7173
-7315
6511
-7357
8725
-9958
-3534
-8299
-5258
-9932
-8907
-5886
1531
-7059
-1745
-5112
6074
-4889
2701
-9943
6611
1423
-8639
7897
7251
8809
1540
1580
-5699
7744
-9059
-9555
6845
-2876
-9905
5486
-4541
240
-6922
5709
3195
1776
2118
-6661
-8602
-4584
3471
-9508
-9174
5490
1309
2009
4733
6938
-3656
-2378
2257
1547
-9862
6574
-6933
-7397
-9174
-9322
-1995
-4441
-8599
-4221
-9076
6889
4520
8263
3482
-8101
-5383
598
8813
-1494
-9512
473
-3317
7687
-7855
-4699
6866
-1167
-9762
2186
1161
890
-6183
9191
861
-6674
-1439
7585
7799
-9427
-6668
3681
3950
6934
735
-2871
4178
-4122
1907
7088
5477
-7213
-9032
-3272
5154
1985
9675
8531
-6434
5807
-5389
-5499
9903
9924
8945
-6312
3544
8053
2725
-418
8363
-4507
859
6148
-4556
-2120
5253
-4956
9998
3230
-6062
-5337
9257
-5023
-7701
653
5638
-7359
-3918
-7140
-6852
6670
5241
9303
9332
4225
-4109
9762
81
-2453
-6947
-630
3480
8121
-1642
-8543
-346
945
-3301
3716
1661
5091
9156
-8092
-204
-6605
-8863
1072
3524
-5280
2669
-520
-1954
6058
2249
-3896
198
-5148
6130
1805
2087
-4828
6814
6479
3614
9946
7496
-1693
4912
7390
-1880
9568
2200
9002
-4558
-4878
-6920
-925
5623
1825
6938
-4477
6893
4081
1190
-4507
-8617
-1649
8995
5712
-9132
-1780
-590
9067
-3577
-2408
262
-291
5661
8771
-3144
-1797
-7758
698
-1720
-3082
-9789
6478
3501
2533
-9732
578
-1155
-9551
-4359
4559
6561
5594
3593
-3701
1920
9537
4088
-9422
-8962
645
-1193
-5209
25
7677
1586
-4796
7707
-8845
-9980
-4719
7307
-3096
3740
-4529
5679
1724
4894
7076
-5054
-7590
5158
-9642
3229
634
2338
-1382
-1142
-5821
-8284
5060
9441
9293
-1489
5725
2919
-4023
3718
-7481
5832
7979
1509
4146
8792
-3833
9102
-7152
-6921
2672
-2950
-690
-3568
1088
3834
9087
-8754
-9978
-1684
-9047
-2155
677
-2758
2488
-940
-8720
-7175
3289
-5143
8589
-9161
-8813
-1049
1983
9782
310
-3992
-3922
-9077
-2634
1292
9679
8900
5554
-4747
-2326
-5446
5226
-7489
4151
2911
-8822
-5154
-6384
9508
893
-1467
8164
444
-8921
-2015
-7974
-5734
8510
-371
7044
952
9299
3996
-5476
8572
-3925
-6271
7602
-457
6542
1135
-3586
-1547
7736
7875
-9294
-6806
6887
3613
3374
9513
1398
5236
860
-3536
8457
2820
2038
8483
-1628
-9756
-113
801
-8123
8353
-3336
-1330
7220
-1520
6149
-6054
9562
-8528
-299
-1138
7173
-5607
4441
2457
-5225
-2708
-2676
8252
7667
2754
-9295
-7143
1429
4155
6606
-6139
-9781
-8253
2242
-5642
-6725
-4240
2472
-7045
-1679
-3590
-1875
4237
443
-9691
-675
9118
-9783
4864
821
-9227
-2073
-6516
4457
534
7241
1934
2965
1506
1541
3123
-8865
-7805
-8975
-3918
-1230
-537
-1043
855
-9433
-6488
3085
-4830
-523
1744
1922
1383
-9722
-9545
-3958
2410
6186
9955
-8888
-5915
-9469
9788
1002
-8794
6011
6077
-3683
128
8174
-5867
-605
-6152
3622
-2988
5315
9303
-7509
1691
-4183
946
-2010
8033
-8379
8590
-8531
-6617
-5289
8928
1347
8756
9748
-7864
-925
-352
8081
4851
2453
1792
930
971
-4350
-3319
-5178
-9316
932
-3868
-5252
-6265
6329
-45
3950
1030
-9680
7850
-8562
-5264
-3587
-4198
-1371
-2107
-6387
-2146
9585
-7478
-4428
-8991
4934
-8340
4124
-7253
5813
5661
8211
-3958
-4861
5201
-7027
7263
-7384
9216
-4322
-8055
-7954
3706
1815
3275
2595
2362
8992
-4422
645
-7408
988
8715
-2517
-7956
-9911
-3514
-5277
-7605
4088
-6632
-1660
-780
2827
5247
9105
7162
5826
-4885
-7355
7366
7519
7829
-8095
-974
237
4944
-6754
3916
-2288
-3660
9399
7976
1803
-4692
-8959
-3909
-7834
-8204
-4125
-104
1661
-1044
-6715
-5358
-3231
5304
2708
-1863
-2397
-6636
832
3505
1599
-4641
7572
-3514
-1598
-8690
5898
1724
1239
5360
-3386
679
840
7007
9902
-5023
7903
-8942
-4223
4313
-9598
-1068
1433
-3443
-9464
553
1147
9650
-4748
7794
6975
3720
-2603
-8007
-4965
-6560
-1961
-2628
5858
-2105
2103
-9620
-8821
7415
-1138
2990
-1413
-8290
7584
356
-5460
-6391
754
176
685
2980
-9327
8129
-2229
4667
-8702
-5194
-8332
9788
7438
1839
2361
-3230
-432
-7901
4658
5228
-8811
-2390
4783
1106
-6556
9810
-8489
1640
2792
231
7660
4109
-7302
1853
6343
136
-9654
-9493
-3266
-2679
5364
-9617
6983
-9606
4366
2440
3948
8699
3754
-8983
-8233
7997
1522
-2271
2648
9680
6253
-9332
2701
-8583
2915
1928
5623
-2149
7893
6679
-9795
-6402
4049
-8009
6872
-3282
815
-990
8047
-6449
-3062
4706
-6121
-9802
-5609
-4454
-423
2117
14
1657
4763
-6974
-2740
3242
211
-2707
-2252
5066
-1726
9380
5114
-5630
5863
57
-9006
-1102
-7322
-6726
-9236
-1317
5839
2001
8133
9607
-1291
8551
687
3789
5474
-2716
4197
-5294
121
-3012
-3090
1187
9347
5993
-9805
-8294
-7871
2038
1667
7243
4479
-2008
5791
4125
2755
-7101
8223
-8292
-9143
-499
3678
8850
581
-3257
-5931
5837
4833
-7368
-4488
-7499
-4479
-170
8419
8661
9546
-4830
6494
7472
-2283
759
3192
-7237
8869
1981
-9871
-122
639
5115
717
-2052
5927
4578
-9445
-7919
-2221
-5938
-353
-830
-3355
8158
-2162
-5083
5319
7253
3550
6958
-9243
-9
-8883
3585
7620
-4909
-686
8492
6065
-4093
-260
4144
-2592
-8199
7157
-6871
9571
-4061
1520
7472
9531
-1572
8934
6190
-6112
3279
227
-2075
680
-1546
-1639
-2381
-4130
-4697
469
-9560
-7264
-5512
-1057
-2608
-4347
-9153
2923
9665
5096
-3612
4762
4339
8851
-7956
6736
-3526
6376
-8316
1562
-893
9821
8455
-731
308
1730
7869
-831
6862
-7789
5082
3300
5174
2353
8241
2920
7980
-4142
-3231
7527
-1776
7753
6665
-7387
-4114
1941
-7150
-4620
-7030
2089
3408
-9807
-9533
9456
1962
3182
3880
-6683
7649
8994
4967
-4545
-939
-6812
3110
9710
8275
2164
3113
9179
-7386
-7873
9326
-4902
143
1710
-3839
6920
-9436
-5404
-1483
-7032
9794
-7935
8759
4454
8464
3540
2092
6130
9471
-8610
-8180
-8741
2254
7801
-1024
-7216
6603
2935
-4008
-9153
2652
-8297
3289
-916
-2749
-1892
6820
-2139
870
7635
626
945
4774
3331
-7201
5669
-9171
1666
-3224
-5578
-7679
4968
-1081
5712
5235
-9969
-5124
-9177
6049
1803
-8499
6222
1278
4670
7085
-7056
-8488
685
-2041
7615
8817
-7401
8287
-2090
-3672
-5556
8822
-853
-3554
-7343
6808
8093
320
-440
-861
995
6477
5748
2356
-1458
-5779
-7888
3146
-6879
-2828
8757
3468
5548
-6035
778
-647
1765
3778
-4013
9499
-7559
-4116
6210
6008
-6861
2113
-5307
2446
-306
8728
3622
-1561
-2791
377
9557
807
8769
-8025
149
6265
5606
8643
5554
-3037
-7221
-2637
-9848
-214
2822
3252
8294
5766
7785
3585
2175
-991
3927
4042
321
-3140
-9639
-8330
-2391
-6594
5453
6306
867
-992
6732
-6520
-4006
-1157
6283
9934
-8814
1876
-449
-9099
-9031
-295
2685
4198
-283
-1959
-2156
-5386
-9750
-4720
-6261
7746
8744
9759
-2351
-1496
1609
-7122
-6802
8139
-9441
-6182
7059
-5944
8774
-2372
9808
-3011
4301
-1881
8823
-6851
8990
-3466
7769
2664
-452
3894
9106
9526
-9080
2601
-7394
-3134
-8215
4364
9739
-9418
-7638
-6707
-472
-7464
-4804
2739
8630
2862
6226
8678
3468
-4921
4095
624
-6770
-649
374
695
9724
6074
-7020
4436
-542
-6104
1559
9726
-4883
-6242
3726
1650
-8416
5093
-6614
4895
9370
8961
5884
-6842
-4911
8010
2197
-834
-9735
-596
-458
-5331
-7298
-8785
9585
7893
7068
1276
8444
5409
8686
3108
5844
1549
-8675
3149
-2474
-2024
-8641
-2846
-3802
8287
-8677
8704
5420
1081
6565
-3476
6072
5993
2908
-6773
-5927
4966
-2404
2477
-3300
5234
3731
-9481
8696
8612
9632
5102
-4768
-5696
-6927
-8905
7775
306
-9058
5312
8526
9269
-7075
-6928
7574
315
-2861
8121
-5723
5396
-3641
7434
9116
-6225
-8749
850
5814
-71
-2527
777
-8743
-3503
-2349
3729
7143
-2887
-9619
1899
-4278
-4565
-2076
7529
7866
-7863
1040
-2208
1721
-2106
1752
154
-3063
3766
1452
7857
6157
2232
-1788
-1276
9750
-9574
-8878
-9768
3436
-5124
647
-1371
-6381
-7286
-2798
6016
8519
-6345
-6076
5723
1258
4508
9751
8066
-7114
2542
56
-6122
2667
-100
-2922
-2302
8290
4298
-7265
8365
7047
7785
-4206
3214
-5104
360
-1936
-3591
-3280
2922
5878
7275
-2410
-3159
-502
-7821
-5013
-6124
3958
1344
-1162
-4063
-3474
7380
6871
288
-9286
-7355
6333
7402
-6574
-8997
-5616
-3507
-9859
-2949
-4886
-1829
-2764
6809
-7641
7261
-2438
-5301
9805
-2705
-3853
3972
9194
4729
-7176
-8329
3741
-2048
4346
1855
8478
5480
-462
3761
-1253
-3129
9544
-8440
-2145
8895
357
-2768
524
-7706
-6531
4299
-5085
6436
4308
3706
3896
5455
463
7076
-9530
-4862
-6498
-3003
-6470
2061
8591
9029
1173
6358
-5026
-1843
6321
592
4651
-8607
1117
5696
2448
5475
-403
-2286
6343
-2429
-9571
-9603
2654
-5845
-4282
-9569
3274
-1200
-6976
-4541
4751
-7616
1776
-2080
-898
5498
-3002
8413
8956
-9179
-9750
-3551
-5073
7302
-4467
1770
2207
8920
976
-5555
2441
-236
-4171
-7756
157
-2696
967
1674
7282
-7235
5838
-1588
-3668
179
-177
7899
-4117
4382
9117
-4067
723
6526
-9955
1832
1165
-5802
-4745
-8929
9920
3213
-801
9357
924
-214
1616
-83
2757
-213
4801
-6937
3299
-4253
-5897
-6848
1808
-4666
-2257
-3075
3507
-6635
-8568
4918
8604
-1899
-5781
-6607
-2366
4337
-5431
-4347
7858
-6479
-6279
-3150
6578
3380
263
4843
9545
8007
-4307
8190
-9873
-7217
975
3188
6768
-2363
3730
9108
-8901
-6714
9154
-4586
9489
-3357
4489
8351
-3703
-1155
6861
5163
-7196
7133
9770
5072
2547
2444
1364
-2826
-9526
4326
8040
2748
1682
-5670
7359
8094
9188
9927
255
2490
4721
-9717
689
8798
-1313
4079
-3063
7981
-9990
-1271
-7921
8619
654
-9592
3426
9782
-4283
-8120
-8404
-7444
3938
1131
9725
-3459
4147
1162
6893
7525
-8823
3931
-1796
-4141
-1737
1471
4318
-4017
-2875
9134
-3734
-266
3991
6017
-6719
-871
6642
-892
-2828
-4543
-6069
3185
6888
4530
-915
4326
-4188
72
-394
-1657
4002
2737
-7313
7377
-6724
-829
-7962
6099
3260
-467
-2457
3427
1539
-2199
-5713
4554
-1449
1834
6660
3187
-4111
-7693
-3016
2605
122
-6428
-8756
-1622
-7339
8928
-7901
4048
5682
-7325
1726
-3943
-6510
9410
-4875
8942
8611
-7079
-1013
-4475
-587
-8507
-120
3543
4556
8553
9017
9792
-9472
9782
-7909
2345
-387
-238
-251
-2824
-9309
1348
-5016
4280
-1726
-6692
-6133
8441
-6942
-2338
9394
1466
-2704
4058
8123
6508
3116
-7237
7965
-2299
-2785
9372
-8637
-2410
-5508
-7431
-9065
1673
9878
-7349
9633
5858
6111
5473
-3689
6735
-7576
5284
-4698
4672
-1153
-5230
7691
-581
562
-9332
5422
-1678
-1129
8697
-7934
-3051
815
-8172
-7560
-5472
-4948
3273
-9870
11
-1618
-6409
-5026
-5474
-3986
-1515
-5759
-2551
1576
9474
-4585
4008
1777
7634
9348
7037
-8319
-3585
-2532
8534
2291
-902
-4905
2178
1101
453
-914
-4939
-2028
585
-1239
342
-2495
-6257
-5414
-8915
8803
5395
2468
-7714
7394
9751
7962
-5974
6098
-1689
8154
6377
420
-6743
-1624
772
-1838
-6974
-5503
-8205
-5332
-9897
-9185
351
4979
5667
5420
6377
-1718
-1878
6276
-5354
-5985
2922
3146
-4113
1456
-6135
8783
8158
6793
4598
-9214
-5486
-4611
-5603
7929
-6654
5951
-4686
4694
8461
-4277
137
-6764
9192
-4040
-9422
-127
-3382
234
2624
4266
-649
-44
-8172
-8567
-975
-2568
-149
-8604
7610
-9989
9431
-255
8922
3198
4260
-3656
-8805
4228
926
9708
-6612
4205
-3872
-4790
3595
4781
2236
9589
-1757
-2006
-825
8673
4954
-9180
2103
7546
9443
-4772
-2857
9015
-2625
6161
1383
-4798
-3940
8348
5163
-9511
-7129
6371
-4734
8285
4313
1499
-2685
6962
5347
6248
-4365
-5876
5099
-9612
-1231
-8959
-7949
1298
5620
-8421
-3906
8752
-6737
831
8214
2052
-3144
6166
8801
-7810
6982
-3696
-7987
7732
-4485
9536
5289
6985
765
5834
3360
504
8347
5463
99
-285
2688
-7181
8290
2070
9730
990
5187
-7565
3735
-8518
6584
2411
-6555
528
9354
-7355
1781
-6323
1506
7525
-9196
7575
2290
352
5444
-551
6303
3195
-6301
-396
4659
-9306
-8507
7294
9364
-2468
9478
-4045
-4824
-9982
-4689
-7327
-3248
-7327
-9197
5487
3633
-6067
3735
-7669
4449
-1705
-8539
3175
-1512
-7984
8455
-4259
5396
-2098
-8596
-4825
-3593
-1120
-3382
652
-1321
-1882
1931
8163
-3129
4115
-8152
-4497
3444
-8513
5231
-3866
7114
-273
-3950
-9945
4987
5985
3263
-8817
6332
-1288
-6311
3701
-7501
-4978
-6829
-5530
9178
-8327
-9437
-6258
-5001
8420
-1891
9236
4500
-9265
-1213
-7460
20
3510
-7647
3676
-3853
4310
677
6628
-5513
811
-5593
-1711
-9571
3433
5431
-7723
-4161
-5326
-6649
7084
7513
-7786
-5206
-195
-3618
-515
9264
2955
1065
7697
-4820
-6293
9905
-8580
7257
971
7484
-8481
-2775
2922
-808
-5785
-8498
9281
8268
-671
-3395
-9334
-5591
-9708
404
7952
1129
1281
-7064
2636
-2079
-4545
3451
9764
5895
593
-2483
7561
9856
567
601
-1237
-6837
-5034
4536
-4972
994
-2333
9512
-8926
-6829
9584
-5386
-7920
6316
-6497
9904
-7576
7682
-2343
-5043
-7903
-7715
5847
-618
-538
-3348
9349
2434
2676
-1716
-4933
-5400
2352
8112
9320
4192
6715
-8724
-3696
-6982
-6328
4902
-2658
-2862
9469
-3147
5413
-1064
1841
6069
-603
-9926
-6329
-8299
-5977
-9077
-9704
-2690
-5263
-8396
6125
-2915
-5093
4493
4736
8327
7341
-1081
-1522
-7315
2578
-1380
-6887
-2985
-3005
7215
-4839
241
-6910
3346
7271
-1602
-8735
3250
-9051
-5218
3078
-2482
6433
-5056
-9836
-1944
-4382
-3703
7538
-4414
-623
1109
-1305
6766
6004
-8565
-318
-6488
3776
-6095
938
6582
8976
-5531
2035
-3406
655
8283
323
8494
981
3206
5086
1668
4003
9073
956
-8495
-4847
3338
9686
-9726
2117
-2701
-3600
-2314
-7273
2752
-1556
-9670
-4179
-5341
8823
5213
8253
1634
-7988
5194
2341
5736
1704
-5442
-6259
2028
4013
-9660
-4935
-7905
6135
8916
-8143
5492
6046
5325
-181
-5696
434
5238
7246
2295
9508
-5657
674
-4348
5715
-2085
-2755
7695
-3664
3332
-9787
-2390
5562
-7454
-5699
7115
3376
-8834
-3587
-9090
-4986
7408
927
3946
-6254
9342
4788
2594
155
8402
6252
-8721
-217
2502
9588
-196
90
4640
-7115
-3171
4374
8642
-2316
-1153
-6783
-8807
-992
1810
-6272
6418
8194
3425
8479
7865
420
-7677
6613
1583
-5402
-6836
6109
8464
7939
-2467
-2907
-3210
-8531
9262
9445
2148
8021
-3241
836
-3657
6190
5737
3603
8769
1832
3761
-892
-4312
9793
4424
-766
7542
2778
7449
-2920
-8683
-6708
-2633
-4446
-8829
154
-4806
-3001
2306
361
1940
-5394
-2189
-603
-1178
-1188
-8994
9227
-3805
4945
-8282
6483
1013
6226
-9807
5953
2187
4973
641
-615
-9642
4549
1544
-261
3553
-9000
4567
-5633
4064
-3629
-784
-7874
9265
5811
5279
6858
-6865
8555
5155
-630
-4613
-1713
6766
-1179
-1804
7740
-7444
-8429
-4707
-8979
1332
-8430
-4193
8644
-9079
6713
-5630
-3182
8697
-3277
-6646
4182
5666
4521
-8910
5735
4744
-2093
-754
-7554
-6390
-3044
691
-3735
1148
-3971
-2647
7594
2718
7658
6590
8897
-9900
-4832
8973
3701
-3818
-1881
3845
-8325
-4922
-7111
5141
4211
4025
-5171
-6979
6514
-7101
3750
7525
5412
-1726
-8740
-2694
3886
-1975
1718
9392
-7835
4768
-1250
-7021
-9117
5910
-8233
2029
9149
4418
9280
2179
-6712
-4883
6693
-2134
9287
8422
3149
-5147
1670
2292
6980
4028
-6938
-8301
8349
3377
-245
5848
-8600
9984
-5541
2399
5483
983
-1298
8496
-6227
7843
-169
4100
2556
3892
5117
9151
8293
7413
-7141
4003
9170
-7584
1810
-1763
2500
-5632
5803
-3871
2373
-333
-6922
-9298
2713
8522
-2908
697
951
-2508
-2251
-2646
6870
1149
-4680
-261
3753
-6685
-5630
-4677
-3820
631
-8510
2740
-1020
4522
-7343
-2913
-6369
-9999
4153
-6682
-233
7847
-1284
-1130
-5808
-2362
-979
5878
1804
3366
-5434
2788
4961
3438
-6932
6146
7465
-3552
-3569
-4109
-7178
-8756
-9035
2332
-782
-1619
6745
1243
1452
8324
-8026
8872
-4729
3676
4751
-2713
-3809
9545
7038
-5295
-8044
-8386
9268
6559
-4276
-5513
908
-1074
5891
2707
7854
8527
9586
1417
-3722
-3266
4888
629
2977
5571
-5183
6903
-4840
-4872
-1462
9859
-8057
-3517
3057
4530
-7119
-3606
-862
-9848
-7002
-969
3138
-5794
-4017
6799
-5806
7776
-1923
5293
-9633
6866
-3330
7535
3454
-8811
6810
7333
8767
3316
6883
-3157
507
-810
4442
6528
8395
6050
2959
2886
9027
-664
4046
4951
9553
-9463
1019
-8753
3598
2184
-8066
6473
178
9970
-3896
7638
-7308
8736
6259
-7673
3354
-7867
-5918
3676
-6820
-5045
-8559
5999
3252
4147
-9173
-273
3766
-2566
1884
-281
98
9270
-410
6552
-5243
869
6008
-8366
3626
-3812
-3168
-6528
9199
9091
-9880
5702
6879
-2503
-662
4436
8298
-4461
4489
-2097
-359
-6030
-8280
-5294
-5105
-19
-274
-5535
5138
-5462
8458
-11
4502
5838
-8533
6046
-1657
-194
-9623
132
4527
-65
-4680
-6640
-3873
-2505
-4071
-7682
799
-5380
-3392
5879
2901
1839
1657
-5835
-2678
-118
1772
-1174
-651
-8188
4805
2472
1523
-212
-4616
8483
1237
3297
-1600
537
-7394
4074
8877
7559
-9474
6429
-990
-600
2097
-526
1955
-8636
6603
2424
8480
-860
932
9535
-236
-7974
-5185
-3278
2574
-9936
-8436
-7312
-5455
-9244
-388
-4718
323
5387
6289
8571
309
-5719
-7594
52
5141
-6518
-2723
734
-161
-4452
2570
-9636
-9211
-8440
880
1202
2505
5080
3893
3853
-6760
-7938
-2956
9730
4595
-2375
-5599
-4419
-8087
-2945
9936
-5309
-446
4280
-1142
2683
406
-2122
-5901
6976
2869
2431
7654
2047
-2016
-4435
8001
-7013
7042
4699
-710
7214
7325
-4191
211
-2755
2057
2161
-8696
2784
-5408
581
4336
-9776
1504
9277
1207
5883
8176
-9842
5401
1609
7030
-7432
-4261
-6086
2483
-465
-7313
5804
-5154
-6567
-6021
-3122
4280
-1016
3113
6115
3237
3492
-6073
-4813
5961
-2957
-4185
3710
1347
3118
2054
5811
3715
-4210
7260
5816
9071
-4415
-602
-8407
5314
2430
-2015
-9262
-9704
5581
7786
-4621
6563
3493
-9519
6537
2454
1186
-798
6022
-5133
-938
6049
-6371
-1680
7467
3174
3889
-9616
1498
-8908
-1815
4953
6446
4517
2328
-3962
6059
-9231
221
-788
-3552
-6117
-3955
1589
-5045
3473
4452
105
-307
-1400
-3567
-8719
6697
-3353
-4748
1643
-3716
9450
-3322
-4922
-1221
-6466
-9279
-9877
-8243
-3779
6015
-8144
3601
1875
7862
-422
-816
5949
4802
-4279
5700
-7047
8054
-7754
1429
-4812
9639
-3163
8118
-2861
-7931
7207
6737
9058
-5152
-4713
-4378
9748
9907
1319
7619
9047
8865
-9732
4528
2076
1808
-2715
268
-4981
1521
2082
2652
8556
745
-8201
-1088
-4917
-4729
-937
-569
-2603
7357
3427
-9359
-3099
6376
710
-4909
8369
3754
-8761
3605
4509
-4484
-8191
-5955
2985
-8837
4185
3510
-6144
9141
3044
5376
-1507
6360
-3136
-5572
7857
-6801
9108
-1172
-312
9035
-6668
-6679
7543
7851
7287
5333
-1360
500
-6667
2723
-8849
-6085
-2419
6931
1979
-8484
-1835
1916
3036
5958
1464
-5150
2842
7466
7799
8661
-3350
-3805
-6300
-8335
8274
939
8304
-7600
6942
5225
985
-4050
-5038
-9630
-6597
6577
-6605
3291
-2045
2158
-8615
-5678
-9441
3678
-8094
-2680
7966
2005
-984
5348
9555
-4233
-9953
-9268
-2040
-888
-3643
-7239
3185
8107
2526
8296
-9154
-6473
-859
149
9219
5960
7230
-3505
398
5031
5327
-3367
6642
9253
-5258
9410
5022
425
-6709
-2121
-9812
-470
4542
763
-7646
-5782
4603
4304
-9465
9678
2416
9595
9649
1789
6918
9148
-5357
5603
7838
-4133
-5503
1987
8651
-9148
-4979
5417
-1898
-3712
-3068
-2019
4986
6271
-8213
-2032
-758
9591
-7159
-9282
6245
-4590
8632
6421
-9684
1575
8176
9796
-4265
-5921
8156
-9632
1874
1965
-2502
-4970
5226
-9750
7141
-9975
-89
4286
9391
8854
-8671
3787
-5466
8327
-5471
-9034
-8542
-4375
-975
-6653
4756
4907
-4522
-379
7162
-1674
-8578
3872
3360
5545
9214
-314
4860
-7008
9455
-797
-557
1633
4918
-4904
6267
2317
5154
-3186
-6622
-9576
3752
6054
-1058
6070
4175
-5914
-7033
2703
6927
-6630
6119
-4077
-2183
7933
2599
895
3683
13
-9498
-6115
970
9004
-3164
7700
1532
7057
8959
9012
1207
-1673
5647
-7677
-2006
186
-531
856
-2179
-8346
-1243
6235
3925
-5099
5675
-9875
4615
-8206
3598
-2083
-4630
9141
4908
5486
-6530
6743
-9662
7661
5045
-1306
-9675
3028
6004
6963
9273
1927
-3751
6818
5351
8855
7461
2694
-5167
-4445
-4449
4270
7140
-1583
-5018
-3674
-8623
-7230
739
-4733
6349
-506
2660
477
-3728
8159
-4705
-3149
4445
-4606
-3740
4065
-1278
3564
-333
9950
-9199
5010
-5429
6986
4233
-1552
8731
-6018
8422
-5876
9487
8699
9208
-4293
-5284
6949
-9034
6055
5780
-5814
2988
2875
-4836
9038
-6381
1346
1793
-1583
9371
-9810
-1083
-5639
-1903
-3883
9336
-4339
3057
-9611
-6015
-8412
7069
-3655
-30
8769
-7460
7448
-5098
8356
-7119
2280
-2532
-621
-9064
-664
-8302
3535
-5139
1281
7061
6379
-2534
-2349
1340
1028
-2623
-5836
-1260
3790
-7576
5062
-358
-8880
623
-8425
6259
-275
-8703
-3098
214
2046
957
144
8551
-4379
-7334
1555
494
-4496
958
-8028
-4011
-1069
2544
7434
-5426
4221
-8410
7176
6246
-9581
-8771
-9462
921
-5267
-7212
5071
9996
-7946
4387
8676
-3778
-7583
8443
-8680
9855
-7132
-507
-4402
1207
5473
-406
7530
-2537
-9521
-8139
1148
452
7776
-5074
-121
9079
6018
9981
-9845
-6795
-7426
-3935
-4270
-8540
-9851
-2036
4765
-6354
-4674
4045
2530
7442
-6960
9121
-9890
-2803
6493
8352
2366
-6747
-1431
405
-8603
3913
-3183
2679
-7303
-4887
-3402
4236
5502
-2734
5373
9007
6949
-9865
-2365
-4251
3981
-9977
6138
1177
8474
289
-9010
-6595
-2518
6974
8414
2665
3410
7452
-3236
-1796
2100
-1584
6305
6099
-7935
2786
759
7662
5461
-2022
386
466
4948
-2611
-7998
8517
-9209
-3435
4671
-591
1059
-9682
-9662
601
-5458
868
8039
672
-752
-5785
5891
1727
-6204
-7658
3217
-6766
-3987
6222
5521
5057
-1576
6642
-2949
2059
1238
1825
990
-7742
2246
-4178
7348
7260
4619
7791
2981
732
3046
-1556
9296
4956
-5241
9650
-9639
-2233
-3667
-2359
-8677
-428
1220
-7411
3605
-8847
-8275
2105
-2466